# oST version 5.0 parameters


[image]

width
640

height
480

[narrow_stereo]

camera matrix
479.945425 0.000000 239.406956
0.000000 579.652785 246.233055
0.000000 0.000000 1.000000

distortion
0.026786 -0.054236 0.001891 0.004369 0.000000

rectification
1.000000 0.000000 0.000000
0.000000 1.000000 0.000000
0.000000 0.000000 1.000000

projection
479.700714 0.000000 239.990288 0.000000
0.000000 582.128540 246.492212 0.000000
0.000000 0.000000 1.000000 0.000000

