# oST version 5.0 parameters


[image]

width
640

height
480

[narrow_stereo]

camera matrix
721.795171 0.000000 309.276589
0.000000 726.482092 241.750087
0.000000 0.000000 1.000000

distortion
0.041220 -0.206646 0.004546 -0.001127 0.000000

rectification
1.000000 0.000000 0.000000
0.000000 1.000000 0.000000
0.000000 0.000000 1.000000

projection
720.960938 0.000000 308.119899 0.000000
0.000000 726.583618 242.387872 0.000000
0.000000 0.000000 1.000000 0.000000

