# oST version 5.0 parameters


[image]

width
640

height
480

[narrow_stereo]

camera matrix
597.047010 0.000000 325.596134
0.000000 596.950842 211.872049
0.000000 0.000000 1.000000

distortion
0.013417 -0.105440 -0.016704 -0.002854 0.000000

rectification
1.000000 0.000000 0.000000
0.000000 1.000000 0.000000
0.000000 0.000000 1.000000

projection
596.264815 0.000000 323.661858 0.000000
0.000000 593.092889 205.791232 0.000000
0.000000 0.000000 1.000000 0.000000

