# oST version 5.0 parameters


[image]

width
640

height
480

[narrow_stereo]

camera matrix
610.502258 0.000000 325.337767
0.000000 612.306017 219.988212
0.000000 0.000000 1.000000

distortion
0.186703 -0.758431 -0.009535 0.005847 0.000000

rectification
1.000000 0.000000 0.000000
0.000000 1.000000 0.000000
0.000000 0.000000 1.000000

projection
604.881202 0.000000 329.141020 0.000000
0.000000 616.295895 216.396475 0.000000
0.000000 0.000000 1.000000 0.000000

